# Created by Octave 4.0.0, Sun Oct 02 21:01:08 2016 JST <taniguchi@taniguchi>
# name: L_b
# type: matrix
# rows: 1
# columns: 43
 0 0 0 0 0 0 0 0 0 0 0 0 0 0 0 0 0 -31 5 0 6 -3 -7 0 0 0 0 0 0 0 0 0 0 0 0 0 0 0 0 0 0 0 0


# name: L_wij
# type: scalar
0


# name: N_lrn
# type: scalar
100


# name: N_smp
# type: scalar
50


# name: ans
# type: scalar
87.97158632194829


# name: b
# type: matrix
# rows: 1
# columns: 43
 -4.945244692021249 -4.702742479860578 -4.218550352384069 -4.699398708939778 -4.341026464518065 -4.818794534076313 -4.313581090315211 -4.775295948302849 -4.499649034211724 -4.294829560517481 -4.804452814201646 -4.031441085262931 -4.238783069199719 -4.776417582045783 -4.175761221882392 -4.75271391624207 -4.548486990815985 7.104771162639961 8.979228575445234 15.38252688395188 7.990193378164278 8.050832872623847 5.478522428541799 -4.499120557999456 -4.156574582917616 -4.442532108017816 -4.944969258591156 -4.750176108296435 -4.426787982273352 -4.848052419067956 -4.132213675792327 -4.082698163118809 -4.874931884945965 -4.134504504652598 -4.231223195880785 -4.435567853941755 -4.060007857062585 -4.195661991174416 -4.139816648712833 -4.057110670086944 -4.335812027374807 -4.20491099387847 -4.705800533880446


# name: eta_b
# type: scalar
0.05


# name: eta_w
# type: scalar
0.01


# name: i
# type: scalar
43


# name: j
# type: scalar
43


# name: n
# type: scalar
100


# name: num
# type: scalar
43


# name: w
# type: matrix
# rows: 43
# columns: 43
 0 -0.2339327032973837 -0.1294673321253393 -0.4432942309111666 -0.7260991802843402 -0.2548426207969948 -0.9044993908983966 -0.5819337551258059 -0.04673445863813108 -0.8356098261072682 -0.1872315603655031 -0.08791205878296793 -0.356494906826654 -0.8140031133020122 -0.2448551846281322 -0.8370377254997143 -0.7516678323711978 -0.9600615782075208 -0.9028335716944839 -0.5612499530083082 -0.5550890484705662 -0.2858800908532297 -0.1536994671063721 -0.3983979266512848 -0.348013964397568 -0.5796077554470604 -0.6244571022665624 -0.420478917736351 -0.287154126412289 -0.2784918854144145 -0.3079498572537527 -0.1264802887194499 -0.1517533148448487 -0.3250025363078184 -0.0664862537809866 -0.8874944660387265 -0.1350813905661945 -0.2869695578643248 -0.6020669831003913 -0.5800081429493409 -0.3053936102540957 -0.930025734219768 -0.6547155579847543
 -0.859633275570423 0 -0.2760682067083713 -0.2247567216950432 -0.4623917788418953 -0.7950666876169774 -0.9879781718886864 -0.8047306652767394 -0.9326822992180541 -0.1647082058431646 -0.161695228089936 -0.4535432725663149 -0.5630661469157141 -0.5982028566352062 -0.6630843004763491 -0.03079593220283594 -0.9365564067453942 -0.33187657345187 -0.0204311737417483 -0.7350944205913452 -0.05033522347292385 -0.005033531968694382 -0.0954425244692797 -0.2357906960560482 -0.1454706052858978 -0.6488808634149987 -0.1620217106464616 -0.6295263501544097 -0.09381002196779342 -0.8444068650199645 -0.9174636301540439 -0.1853406385473595 -0.9209810941033385 -0.2510826714268743 -0.005343298316082157 -0.2195795465872715 -0.1403311948327429 -0.1103252130036807 -0.6657319641828667 -0.3065629874136003 -0.1254749438599456 -0.8821651061336103 -0.366959754265742
 -0.6377098620219712 -0.04767394245741652 0 -0.1292558966102102 -0.2037168409167185 -0.4287372911899435 -0.7827265219160726 -0.8631394794549367 -0.998071730270666 -0.5323085696736534 -0.2707262060151593 -0.3971066860229233 -0.8616285748350994 -0.8200800975002098 -0.08218480111510951 -0.2613989483260031 -0.1186349406036944 -0.2000544282175132 -0.02423731942971508 -0.7037107437636443 -0.5907176023267202 -0.7450116209456308 -0.8195600927262965 -0.5534172756103208 -0.6955111282719777 -0.3121600596826892 -0.5791366159394999 -0.3233687860658071 -0.8299682754985611 -0.2283233602943164 -0.640590202770742 -0.6967235068195996 -0.007916728232494674 -0.9035529765911724 -0.7825185306810085 -0.57440222590732 -0.4791794785102678 -0.9558236086269355 -0.2045910335650961 -0.590407212192896 -0.6336939000862181 -0.3922832909470354 -0.3652162404737592
 -0.1260991902297902 -0.4080870809385426 -0.1322921352646677 0 -0.7672381441602623 -0.1679881849496613 -0.8050373852357631 -0.8683695974086201 -0.3145368865205627 -0.4726277693164089 -0.5753913311304906 -0.3333123767398953 -0.8492868438097347 -0.574751685955222 -0.3150744342654995 -0.7586231818445264 -0.7157944347184102 -0.724507262886966 -0.4770091578023853 -0.3962293829349139 -0.9952168266894587 -0.1430328446512265 -0.371516231377752 -0.7692793913369793 -0.5026208520413626 -0.2506485312179995 -0.7267141122834582 -0.7383044499233387 -0.7353038845561444 -0.8664892523584882 -0.1339550831984735 -0.0546790932302561 -0.05118097010590383 -0.3206590067824988 -0.468809638350703 -0.2851218778334589 -0.01569406726886813 -0.001977139562079899 -0.03985051814973228 -0.8944786701507556 -0.670591640910885 -0.4160541647383912 -0.1671583596334342
 -0.9289785508479164 -0.5088019198191744 -0.2293064293353808 -0.3203165935038771 0 -0.8514399768873615 -0.9422379139455725 -0.9626804915107554 -0.6198631588752694 -0.9447941221042361 -0.5639347432545443 -0.4968286644791133 -0.1029800350143003 -0.752004778340476 -0.5973597100600074 -0.297875708348587 -0.2170504028557294 -0.7222530253596193 -0.2675325536230271 -0.583721641760921 -0.5836989050095702 -0.3782627283926094 -0.7670777895922865 -0.2711249876417452 -0.4907164017509066 -0.4192109759468892 -0.5565431232929632 -0.4446717756032121 -0.476702444489297 -0.442415078323329 -0.680619644946314 -0.09194865569385002 -0.2736409394833749 -0.7255801905476227 -0.9554145198513536 -0.6316706405643773 -0.9187961953011959 -0.7016245074126624 -0.4501183724065534 -0.4738903315239112 -0.07645555957321104 -0.6991167767511828 -0.4839193220823634
 -0.07867897676049229 -0.483463622511183 -0.0764073740104172 -0.5795699556286928 -0.6541117171409752 0 -0.8353865740837663 -0.2108866600153604 -0.7920322494976721 -0.9531052384112961 -0.458867116710808 -0.9777579276930419 -0.9945216745249288 -0.4683859015524054 -0.3333592604217281 -0.2174729218591529 -0.6283575231889926 -0.0706530499579614 -0.1103781152091254 -0.7857713438533867 -0.1487130693179963 -0.6289023528573501 -0.492709942666406 -0.7012238758233789 -0.1020020532102518 -0.3187415134389706 -0.6717967274374395 -0.8029895875893407 -0.6101132398677602 -0.5815801984385311 -0.6738821418136651 -0.6756780117478969 -0.2399817791882589 -0.2631228021072104 -0.2163777584022686 -0.569727073821064 -0.6258924777141908 -0.4122414262392634 -0.6021882858606995 -0.1665651190138198 -0.1649276204085374 -0.4226403953328359 -0.3778647114139486
 -0.3110378076280053 -0.3169389347592706 -0.5964778995441873 -0.0108586715638056 -0.9395985770215167 -0.9426230418484205 0 -0.3407642206284774 -0.9098855779996299 -0.6023079183504911 -0.978448968766339 -0.6637757877830226 -0.1097638418449111 -0.034434801113567 -0.03455905553152083 -0.5142347720506795 -0.47328075631741 -0.6057147240120415 -0.4748111202163686 -0.005485947973477345 -0.1590990464875134 -0.04513814836375518 -0.9643252123598358 -0.25434407097584 -0.1083625288036384 -0.2502043142482022 -0.07969560664308273 -0.8394026974415396 -0.194201803228864 -0.3030580639048535 -0.01347978694623664 -0.1178276016710879 -0.4511152225728139 -0.180556885280162 -0.8107223610590888 -0.5235754730739626 -0.5349033171739983 -0.01426246031971434 -0.09872833344935994 -0.5339807700847357 -0.3787908498983983 -0.7775073897124185 -0.3990519062593405
